medium_boat 0.0 0.0 0.0 0.0 0.0 50.0 50.0 3.5574825718997496 3.915449226637579 13.18 16.964441 -4.56768 -4.926539347320724 -3.4654291059621167 
small_boat 0.0 0.0 0.0 0.0 0.0 50.0 50.0 2.412882809579372 1.7969448280247322 5.01 11.58145 7.3731904 -4.774783136814833 -0.31578397130222235 
small_boat 0.0 0.0 0.0 0.0 0.0 50.0 50.0 2.412882809579372 2.234758623426662 6.46 15.5315695 7.93328 -4.774783136814833 -0.28612149047762925 
medium_boat 0.0 0.0 0.0 0.0 0.0 50.0 50.0 13.509541762280245 3.7767234566458403 11.09 19.994707 12.006925 -6.681076801025758 -3.2981190486278686 
medium_boat 0.0 0.0 0.0 0.0 0.0 50.0 50.0 5.748380605249959 3.929500047947061 13.05 24.196083 13.915797 -6.6810767371800335 -3.2981190486278686 
medium_boat 0.0 0.0 0.0 0.0 0.0 50.0 50.0 4.865973601351062 4.358789788645004 12.91 32.76294 -0.4549455 -4.926539485459466 -0.33571232078843183 
medium_boat 0.0 0.0 0.0 0.0 0.0 50.0 50.0 16.02387703035127 3.8897149884807476 14.32 38.661655 0.36839584 -6.681076827515417 -0.292990233660285 
medium_boat 0.0 0.0 0.0 0.0 0.0 50.0 50.0 16.02387703035127 3.8897149884807476 14.32 43.92936 1.9885495 -6.681076827515417 -3.4307230475281294 
medium_boat 0.0 0.0 0.0 0.0 0.0 50.0 50.0 16.424376134658612 3.478484408646011 14.32 46.308533 11.465238 -6.681076826942343 -0.28548955400216025 
medium_boat 0.0 0.0 0.0 0.0 0.0 50.0 50.0 3.765747275908259 3.6721920911876587 11.17 14.604736 -38.677174 -5.559790237227811 -3.423393355177766 
medium_boat 0.0 0.0 0.0 0.0 0.0 50.0 50.0 3.765747275908259 4.207699428747667 11.99 24.708244 -35.389698 -5.559790237227811 -3.394373201360116 
medium_boat 0.0 0.0 0.0 0.0 0.0 50.0 50.0 3.765747275908259 4.039944915292408 12.0 19.66577 -37.110687 -5.559790237227811 -3.312115361468029 
medium_boat 0.0 0.0 0.0 0.0 0.0 50.0 50.0 4.912198193075814 4.183398058127347 11.99 29.81638 -34.078373 -5.559790197612125 -3.333185665405453 
medium_boat 0.0 0.0 0.0 0.0 0.0 50.0 50.0 4.912198193075814 4.183398058127347 11.99 35.29317 -33.515186 -5.559790197612125 -3.333185665405453 
medium_boat 0.0 0.0 0.0 0.0 0.0 50.0 50.0 6.6977117574524065 3.6964527332810833 11.95 40.724014 -31.559748 -5.559790279284675 -3.333185665405453 
medium_boat 0.0 0.0 0.0 0.0 0.0 50.0 50.0 3.476657272528131 3.4601758876510296 11.66 51.097565 -28.943914 -5.559790313815335 -3.333185665405453 
medium_boat 0.0 0.0 0.0 0.0 0.0 50.0 50.0 4.841500905955786 3.4750262495443214 11.66 45.670795 -30.377897 -5.559790207845447 -3.333185665405453 
