medium_boat 0.0 0.0 0.0 0.0 0.0 50.0 50.0 3.5574825718997496 4.447182459111539 13.48 19.416153 7.8919806 -4.926539347320724 -3.4548666996341453 
small_boat 0.0 0.0 0.0 0.0 0.0 50.0 50.0 4.701662979497445 3.013259210105632 7.41 13.488685 20.612986 -6.5347719003627365 -0.31578397130222235 
medium_boat 0.0 0.0 0.0 0.0 0.0 50.0 50.0 14.949772285679792 3.7535213904510485 11.09 22.145105 24.126913 -6.681076788534629 -3.3155773756264586 
medium_boat 0.0 0.0 0.0 0.0 0.0 50.0 50.0 16.506033733494245 3.942896386619259 14.32 46.61969 13.72819 -6.681076802316886 -3.4307230475281294 
medium_boat 0.0 0.0 0.0 0.0 0.0 50.0 50.0 16.424376134658612 3.478484408646011 14.32 48.576427 23.431412 -6.681076826942343 -0.29602324429796223 
medium_boat 0.0 0.0 0.0 0.0 0.0 50.0 50.0 5.155933513348369 4.573082174541623 13.91 18.190039 -27.78108 -5.55979020104064 -3.4079194553232917 
medium_boat 0.0 0.0 0.0 0.0 0.0 50.0 50.0 6.306607234568393 4.058953050206058 13.33 28.388193 -23.3983 -6.871585840031999 -3.388789104441901 
medium_boat 0.0 0.0 0.0 0.0 0.0 50.0 50.0 4.9470822235996526 4.022787810200992 12.0 22.922916 -24.904049 -5.559790224882712 -3.345404596650296 
medium_boat 0.0 0.0 0.0 0.0 0.0 50.0 50.0 6.269409731646593 4.169961772384039 12.18 33.241367 -22.347158 -6.917001761804132 -3.372304641916007 
medium_boat 0.0 0.0 0.0 0.0 0.0 50.0 50.0 6.4546730752651005 4.277603281480294 11.99 38.74429 -20.907566 -7.102265250477399 -3.3700671752306497 
medium_boat 0.0 0.0 0.0 0.0 0.0 50.0 50.0 6.946246495041704 3.5915053479692185 11.95 43.601143 -19.40746 -7.4631499599384545 -3.3749941829953407 
medium_boat 0.0 0.0 0.0 0.0 0.0 50.0 50.0 3.476657272528131 3.4601758876510296 11.66 53.8527 -16.755108 -7.856954753970364 -3.333185665405453 
medium_boat 0.0 0.0 0.0 0.0 0.0 50.0 50.0 4.841500905955786 3.4750262495443214 11.66 48.707615 -17.928839 -8.22097523401427 -3.3786369263259135 
medium_boat 0.0 0.0 0.0 0.0 0.0 50.0 50.0 16.02387703035127 3.8897149884807476 14.32 40.92227 12.48854 -6.681076827515417 -0.27583575184206843 
