medium_boat 0.0 0.0 0.0 0.0 0.0 50.0 50.0 5.09313242445271 4.245579395316811 13.48 19.444206 9.612313 -6.462189161826575 -3.4548666996341453 
small_boat 0.0 0.0 0.0 0.0 0.0 50.0 50.0 4.701662979497445 3.013259210105632 7.41 13.434128 22.064472 -6.5347719003627365 -0.31578397130222235 
medium_boat 0.0 0.0 0.0 0.0 0.0 50.0 50.0 14.949772285679792 3.7535213904510485 11.09 22.340567 25.178152 -6.681076788534629 -3.3155773756264586 
medium_boat 0.0 0.0 0.0 0.0 0.0 50.0 50.0 17.7646335786894 4.032994532773015 14.32 46.27339 16.41947 -7.939676663593204 -3.4307230475281294 
medium_boat 0.0 0.0 0.0 0.0 0.0 50.0 50.0 16.424376134658612 3.478484408646011 14.32 48.591145 25.583122 -6.681076826942343 -0.29602324429796223 
medium_boat 0.0 0.0 0.0 0.0 0.0 50.0 50.0 5.155933513348369 4.573082174541621 12.16 17.989887 -25.341066 -5.55979020104064 -3.3822689503636 
medium_boat 0.0 0.0 0.0 0.0 0.0 50.0 50.0 6.306607234568393 4.169602783313407 13.33 28.492344 -21.946823 -6.871585840031999 -3.394219356946807 
medium_boat 0.0 0.0 0.0 0.0 0.0 50.0 50.0 5.671748024692457 4.124753960832512 12.0 23.200623 -23.547104 -6.284456184740027 -3.3496197340183547 
medium_boat 0.0 0.0 0.0 0.0 0.0 50.0 50.0 6.269409731646593 4.169961772384039 12.18 33.466103 -20.708605 -6.917001761804132 -3.372304641916007 
medium_boat 0.0 0.0 0.0 0.0 0.0 50.0 50.0 6.4546730752651005 4.277603281480294 11.99 38.898212 -19.52188 -7.102265250477399 -3.3700671752306497 
medium_boat 0.0 0.0 0.0 0.0 0.0 50.0 50.0 6.946246495041704 3.5915053479692185 11.95 43.688793 -18.086355 -7.4631499599384545 -3.3749941829953407 
small_boat 0.0 0.0 0.0 0.0 0.0 50.0 50.0 3.476657272528131 2.9448820175980885 9.74 53.473583 -14.946436 -7.856954753970364 -3.333185665405453 
medium_boat 0.0 0.0 0.0 0.0 0.0 50.0 50.0 4.841500905955786 3.2683156185425646 10.44 48.627674 -16.26804 -8.22097523401427 -3.345012603190181 
medium_boat 0.0 0.0 0.0 0.0 0.0 50.0 50.0 16.02387703035127 3.8897149884807476 14.32 40.89632 15.103414 -6.681076827515417 -0.27583575184206843 
