medium_boat 0.0 0.0 0.0 0.0 0.0 50.0 50.0 5.09313242445271 4.245579395316811 13.48 19.513176 12.000327 -6.462189161826575 -3.4249620860501335 
small_boat 0.0 0.0 0.0 0.0 0.0 50.0 50.0 4.701662979497445 2.8875141328654683 7.44 13.558988 24.508543 -6.5347719003627365 -0.34427861076404076 
medium_boat 0.0 0.0 0.0 0.0 0.0 50.0 50.0 15.773651656384276 3.700239150889358 11.09 22.351076 27.858755 -6.681076793310546 -3.3155773756264586 
medium_boat 0.0 0.0 0.0 0.0 0.0 50.0 50.0 17.7646335786894 4.032994532773015 14.32 46.446156 18.09722 -7.939676663593204 -3.4307230475281294 
medium_boat 0.0 0.0 0.0 0.0 0.0 50.0 50.0 16.424376134658612 3.478484408646011 14.32 48.76615 28.127441 -6.681076826942343 -0.29602324429796223 
medium_boat 0.0 0.0 0.0 0.0 0.0 50.0 50.0 5.155933513348369 4.573082174541621 12.16 18.015818 -23.157133 -5.55979020104064 -3.3822689503636 
medium_boat 0.0 0.0 0.0 0.0 0.0 50.0 50.0 6.306607234568393 4.169602783313407 13.33 28.75367 -20.287441 -6.871585840031999 -3.394219356946807 
medium_boat 0.0 0.0 0.0 0.0 0.0 50.0 50.0 5.671748024692457 4.124753960832512 12.0 23.29934 -21.723738 -6.284456184740027 -3.3496197340183547 
medium_boat 0.0 0.0 0.0 0.0 0.0 50.0 50.0 6.269409731646593 4.056216791560139 12.55 33.446682 -17.98164 -6.917001761804132 -3.372304641916007 
medium_boat 0.0 0.0 0.0 0.0 0.0 50.0 50.0 6.4546730752651005 4.277603281480294 11.99 38.98904 -16.541046 -7.102265250477399 -3.3700671752306497 
medium_boat 0.0 0.0 0.0 0.0 0.0 50.0 50.0 6.946246495041704 3.5915053479692185 11.95 43.873055 -15.4046755 -7.4631499599384545 -3.3749941829953407 
small_boat 0.0 0.0 0.0 0.0 0.0 50.0 50.0 3.476657272528131 2.9448820175980885 9.74 53.526978 -11.5884 -7.856954753970364 -3.333185665405453 
medium_boat 0.0 0.0 0.0 0.0 0.0 50.0 50.0 4.841500905955786 3.2683156185425646 10.44 48.40698 -13.541035 -8.22097523401427 -3.345012603190181 
medium_boat 0.0 0.0 0.0 0.0 0.0 50.0 50.0 16.666725911973668 3.8416081508564175 14.32 40.623055 16.83725 -7.323925633370257 -0.27583575184206843 
medium_boat 0.0 0.0 0.0 0.0 0.0 50.0 50.0 5.155933513348369 4.573082174541621 12.16 23.473629 -38.47024 -5.55979020104064 -0.3039981839624124 
medium_boat 0.0 0.0 0.0 0.0 0.0 50.0 50.0 14.221684382761296 3.8951408603654873 11.76 35.38967 -35.24454 -5.559790336293368 -0.25734222408171803 
