medium_boat 0.0 0.0 0.0 0.0 0.0 50.0 50.0 5.09313242445271 4.346616741700948 13.8 19.73069 14.475603 -6.462189161826575 -3.4249620860501335 
small_boat 0.0 0.0 0.0 0.0 0.0 50.0 50.0 4.701662979497445 2.8875141328654683 7.44 13.835985 27.050194 -6.5347719003627365 -0.34427861076404076 
medium_boat 0.0 0.0 0.0 0.0 0.0 50.0 50.0 15.773651656384276 3.700239150889358 11.09 22.430542 30.974627 -6.681076793310546 -3.3155773756264586 
medium_boat 0.0 0.0 0.0 0.0 0.0 50.0 50.0 17.7646335786894 4.032994532773015 14.32 46.78399 20.894783 -7.939676663593204 -3.4307230475281294 
medium_boat 0.0 0.0 0.0 0.0 0.0 50.0 50.0 16.424376134658612 3.478484408646011 14.32 48.99864 30.970894 -6.681076826942343 -0.29602324429796223 
medium_boat 0.0 0.0 0.0 0.0 0.0 50.0 50.0 5.155933513348369 4.776949104379058 12.29 18.062664 -20.065517 -5.55979020104064 -3.3822689503636 
medium_boat 0.0 0.0 0.0 0.0 0.0 50.0 50.0 6.306607234568393 4.169602783313407 13.33 28.951237 -17.281467 -6.871585840031999 -3.394219356946807 
medium_boat 0.0 0.0 0.0 0.0 0.0 50.0 50.0 5.671748024692457 4.124753960832512 12.0 23.118248 -17.9622 -6.284456184740027 -3.3496197340183547 
medium_boat 0.0 0.0 0.0 0.0 0.0 50.0 50.0 6.269409731646593 4.056216791560139 12.55 33.380928 -15.383277 -6.917001761804132 -3.372304641916007 
medium_boat 0.0 0.0 0.0 0.0 0.0 50.0 50.0 6.4546730752651005 4.277603281480294 11.99 38.914696 -14.164432 -7.102265250477399 -3.3700671752306497 
medium_boat 0.0 0.0 0.0 0.0 0.0 50.0 50.0 6.946246495041704 3.5915053479692185 11.95 43.84995 -12.462406 -7.4631499599384545 -3.3749941829953407 
small_boat 0.0 0.0 0.0 0.0 0.0 50.0 50.0 3.476657272528131 2.9448820175980885 9.74 53.7734 -9.127219 -7.856954753970364 -3.333185665405453 
medium_boat 0.0 0.0 0.0 0.0 0.0 50.0 50.0 4.841500905955786 3.2683156185425646 10.44 48.70092 -10.939144 -8.22097523401427 -3.345012603190181 
medium_boat 0.0 0.0 0.0 0.0 0.0 50.0 50.0 16.666725911973668 3.8416081508564175 14.32 40.854347 19.153942 -7.323925633370257 -0.27583575184206843 
medium_boat 0.0 0.0 0.0 0.0 0.0 50.0 50.0 5.155933513348369 4.573082174541621 12.16 23.238928 -35.60122 -5.55979020104064 -0.3039981839624124 
medium_boat 0.0 0.0 0.0 0.0 0.0 50.0 50.0 16.483506346705056 3.8486770528721816 11.76 35.782345 -34.59393 -5.559790206433583 -0.25734222408171803 
medium_boat 0.0 0.0 0.0 0.0 0.0 50.0 50.0 5.09313242445271 4.436762563626669 13.44 35.418377 19.32707 -6.462189161826575 -0.3214070096829045 
