medium_boat 0.0 0.0 0.0 0.0 0.0 50.0 50.0 5.09313242445271 4.346616741700948 13.8 19.622778 23.797325 -6.462189161826575 -3.4249620860501335 
small_boat 0.0 0.0 0.0 0.0 0.0 50.0 50.0 4.701662979497445 2.8875141328654683 7.44 13.554813 36.040478 -6.5347719003627365 -0.34427861076404076 
medium_boat 0.0 0.0 0.0 0.0 0.0 50.0 50.0 17.7646335786894 4.032994532773015 14.32 45.78915 31.267673 -7.939676663593204 -3.4307230475281294 
medium_boat 0.0 0.0 0.0 0.0 0.0 50.0 50.0 5.155933513348369 4.776949104379058 12.29 18.748623 -11.011342 -5.55979020104064 -3.43263985490162 
medium_boat 0.0 0.0 0.0 0.0 0.0 50.0 50.0 6.306607234568393 4.169602783313407 13.33 28.906857 -6.886498 -6.871585840031999 -3.394219356946807 
medium_boat 0.0 0.0 0.0 0.0 0.0 50.0 50.0 7.080237714088041 4.0795233048437805 12.0 23.800121 -9.679346 -7.69294564308528 -3.395053754809241 
medium_boat 0.0 0.0 0.0 0.0 0.0 50.0 50.0 6.269409731646593 4.056216791560139 12.55 33.51773 -4.2379866 -6.917001761804132 -3.372304641916007 
medium_boat 0.0 0.0 0.0 0.0 0.0 50.0 50.0 6.4546730752651005 4.277603281480294 11.99 39.31302 -4.547148 -7.102265250477399 -3.3700671752306497 
medium_boat 0.0 0.0 0.0 0.0 0.0 50.0 50.0 6.946246495041704 3.5915053479692185 11.95 44.174583 -2.856165 -7.4631499599384545 -3.3749941829953407 
medium_boat 0.0 0.0 0.0 0.0 0.0 50.0 50.0 17.579843728383917 3.495104144732624 14.41 40.34969 29.456648 -7.323925717989871 -0.27583575184206843 
medium_boat 0.0 0.0 0.0 0.0 0.0 50.0 50.0 5.685161111206507 4.336335520015998 12.07 24.223185 -26.571983 -6.089017866775739 -0.3594268470515174 
medium_boat 0.0 0.0 0.0 0.0 0.0 50.0 50.0 15.369678157798988 3.7649312307007525 11.76 36.613564 -25.48344 -5.952291318889729 -0.25734222408171803 
medium_boat 0.0 0.0 0.0 0.0 0.0 50.0 50.0 5.09313242445271 4.436762563626669 13.44 34.592564 29.544853 -6.462189161826575 -0.3214070096829045 
medium_boat 0.0 0.0 0.0 0.0 0.0 50.0 50.0 5.685161111206507 4.670646992839962 13.04 16.76227 -29.225618 -6.089017866775739 -0.19661932905459256 
